      0.000000      0.000000
      2.003301     -0.008975
      0.758905     -0.007541
      0.000000      0.000000
      0.000000     -0.001163
      0.000000      0.000000
      0.293996      0.000000
      0.000000     -0.000428
      0.000000     -0.009855
      0.164002     -0.011962
      0.000000     -0.006283
      0.364084     -0.001644
      0.000000     -0.017326
      0.000000      0.000000
      0.307735      0.000000
      0.490401     -0.003257
      0.000000     -0.014260
      0.119742      0.000000
      0.000000      0.000000
      0.000000     -0.001883
      0.000000      0.000000
      0.000000      0.000000
      0.002917      0.000000
      0.002764     -0.000711
      0.018150     -0.007072
      0.015164      0.000000
      0.153730     -0.000800
      0.000000     -0.001675
      0.000000     -0.003788
      0.026169     -0.000352
      0.022209     -0.001857
      0.130106      0.000000
      0.000000     -0.005095
      0.000000     -0.022315
      0.000000     -0.012242
      0.035971     -0.023740
      0.000000     -0.012124
      0.000000      0.000000
      0.000000      0.000000
      0.000000      0.000000
      0.000000      0.000000
      0.000000      0.000000
      0.058459      0.000000
      0.259724      0.000000
      0.000000      0.000000
      0.015653      0.000000
      0.186355      0.000000
      0.000000      0.000000
      0.713197      0.000000
      0.000000      0.000000
      0.305718      0.000000
      0.000000      0.000000
      0.019329      0.000000
      0.012661      0.000000
      0.000000     -0.002986
      0.000000     -0.010430
      0.000000     -0.009352
      0.000000     -0.036779
      0.047606     -0.022930
      0.000000     -0.017117
      0.000000     -0.004266
      0.000000      0.000000
      0.122332      0.000000
      0.210598      0.000000
      0.000000      0.000000
      0.000000      0.000000
      0.012125      0.000000
      0.000000      0.000000
      0.009321      0.000000
      0.000000      0.000000
      0.000000      0.000000
      0.000000      0.000000
      0.001892      0.000000
      0.000000      0.000000
      0.000000      0.000000
      0.001973      0.000000
      0.027306      0.000000
      0.123478      0.000000
      0.169047      0.000000
      0.033328      0.000000
      0.000000      0.000000
      0.000000     -0.026570
      0.005435     -0.002910
      0.012302     -0.024275
      0.000000     -0.012369
      0.004709     -0.003925
      0.000000      0.000000
      0.000000      0.000000
      0.000000      0.000000
      0.000000      0.000000
      0.003787      0.000000
      0.044332      0.000000
      0.029496     -0.000980
      0.000000      0.000000
      0.000000      0.000000
      0.000000      0.000000
      0.030807     -0.007860
      0.020527      0.000000
      0.022722      0.000000
      0.004135      0.000000
      0.000000      0.000000
      0.000000      0.000000
      0.000000      0.000000
      0.102954      0.000000
      0.000000     -0.022112
      0.000000      0.000000
      0.015807     -0.016711
      0.000000     -0.024874
      0.000000      0.000000
      0.020044     -0.001140
      0.000000     -0.001001
      0.000000      0.000000
      0.000000      0.000000
      0.000652      0.000000
      0.002573      0.000000
      0.000802      0.000000
      0.006711      0.000000
      0.002428      0.000000
      0.000000      0.000000
      0.000000      0.000000
      0.000648      0.000000
      0.000000      0.000000
      0.000516     -0.002204
      0.011687     -0.001113
      0.065448     -0.001518
      0.185439     -0.000711
      0.185683     -0.000576
      0.197747     -0.000549
      0.000000      0.000000
      0.000000     -0.011145
      0.000000     -0.008141
      0.000000     -0.000198
      0.000000     -0.005831
      0.000000     -0.011619
      0.000000     -0.007439
      0.000001      0.000000
      0.000000      0.000000
      0.000000      0.000000
      0.006144     -0.004506
      0.000000     -0.001411
      0.014032     -0.002835
      0.079932      0.000000
      0.091585      0.000000
      0.000000      0.000000
      0.144430     -0.005017
      0.000000      0.000000
      0.000000      0.000000
      0.033763      0.000000
      0.040482      0.000000
      0.000000      0.000000
      0.043444      0.000000
      0.132374      0.000000
      0.010855      0.000000
      0.000000      0.000000
      0.000000      0.000000
      0.000000      0.000000
      0.000000      0.000000
      0.000000     -0.006127
      0.001081      0.000000
      0.007918      0.000000
      0.000000      0.000000
      0.000000      0.000000
      0.000000      0.000000
      0.000000      0.000000
      0.000000      0.000000
      0.000000      0.000000
      0.000000      0.000000
      0.003706      0.000000
      0.000739      0.000000
      0.000000      0.000000
      0.000410      0.000000
      0.000000      0.000000
      0.000386      0.000000
      0.000000      0.000000
      0.000000      0.000000
      0.000000     -0.001162
      0.000000     -0.041144
      0.000000     -0.059620
      0.000000     -0.041379
      0.000007     -0.004676
      0.000000      0.000000
      0.000000      0.000000
      0.000855      0.000000
      0.000000      0.000000
      0.000000      0.000000
      0.000001      0.000000
      0.000857      0.000000
      0.000000      0.000000
      0.000000      0.000000
      0.000000      0.000000
      0.000000      0.000000
      0.000000      0.000000
      0.000000      0.000000
      0.000000      0.000000
      0.000000      0.000000
      0.000000      0.000000
      0.000000      0.000000
      0.000000      0.000000
      0.000000      0.000000
      0.000000      0.000000
      0.000000     -0.009294
      0.000000     -0.092466
      0.000000     -0.040824
      0.000000     -0.009859
      0.000000      0.000000
      0.000000     -0.004774
      0.000858      0.000000
      0.097658      0.000000
      0.000000      0.000000
      0.000000      0.000000
      0.724274      0.000000
      1.293122     -0.011614
      0.000000     -0.089715
      0.000000      0.000000
      0.005922      0.000000
      0.153894      0.000000
      0.072001     -0.023234
      0.000000      0.000000
      0.003581     -0.002195
      0.000000      0.000000
      0.140166     -0.009976
      0.072252     -0.009447
      0.000000     -0.004466
      0.103031     -0.005029
      0.005412     -0.011351
      0.000000     -0.024093
      0.000000     -0.006702
      0.000000     -0.043042
      0.000000     -0.012016
      0.001800      0.000000
      0.000000     -0.006585
      0.000000      0.000000
      0.000000      0.000000
      0.000000      0.000000
      0.001598      0.000000
      0.005522      0.000000
      0.014449      0.000000
      0.085240      0.000000
      0.266564      0.000000
      0.456650      0.000000
      1.187928      0.000000
      0.136130     -0.000427
      0.000000      0.000000
      0.000000      0.000000
      0.000000      0.000000
      0.276577      0.000000
      0.000000      0.000000
      0.000000      0.000000
      0.000000      0.000000
      0.000000     -0.003346
      0.000000     -0.007139
      0.000000     -0.027690
      0.088088     -0.002189
      0.000000     -0.011491
      0.000000     -0.022839
      0.000000      0.000000
      0.001635      0.000000
      0.000000      0.000000
      0.000000      0.000000
      0.000000      0.000000
      0.000000      0.000000
      0.000000      0.000000
      0.000000      0.000000
      0.000000      0.000000
      0.000000      0.000000
      0.000000      0.000000
      0.000000      0.000000
      0.000000      0.000000
      0.000000      0.000000
      0.000142      0.000000
      0.000000      0.000000
      0.000281      0.000000
      0.000000     -0.001143
      0.000000     -0.040569
      0.000000     -0.103852
      0.000000     -0.013721
      0.000000      0.000000
      0.000858     -0.017493
      0.000000      0.000000
      0.000000      0.000000
      0.000000      0.000000
      0.000000      0.000000
      0.000000      0.000000
      0.000000     -0.000553
      0.000361      0.000000
      0.001579      0.000000
      0.000000     -0.000041
      0.000000      0.000000
      0.000000      0.000000
      0.000000      0.000000
      0.000036      0.000000
      0.000000      0.000000
      0.000000      0.000000
      0.000159      0.000000
      0.001338      0.000000
      0.004251     -0.003730
      0.000211     -0.047935
      0.000000     -0.023174
      0.000000     -0.023510
      0.000000     -0.017746
      0.000000      0.000000
      0.000000      0.000000
      0.000000      0.000000
      0.000000      0.000000
      0.000000      0.000000
      0.000022      0.000000
      0.000264      0.000000
      0.000000      0.000000
      0.000000      0.000000
      0.000032      0.000000
      0.000059      0.000000
      0.000167      0.000000
      0.000121      0.000000
      0.000000      0.000000
      0.000000      0.000000
      0.000000      0.000000
      0.000000      0.000000
      0.000000      0.000000
      0.000000      0.000000
      0.000000     -0.002129
      0.000428     -0.019866
      0.000000     -0.077033
      0.000000     -0.029950
      0.000000     -0.014054
      0.000000     -0.010214
      0.000858      0.000000
      0.000000      0.000000
      0.000000      0.000000
      0.000000      0.000000
      0.000005      0.000000
      0.000000      0.000000
      0.000000      0.000000
      0.000000      0.000000
      0.000000     -0.000232
      0.000000     -0.000009
      0.000000     -0.000102
      0.001027     -0.000319
      0.232079      0.000000
      0.000000      0.000000
      0.036850      0.000000
      0.000000      0.000000
      0.000000      0.000000
      0.000329      0.000000
      0.000000     -0.002123
      0.020911     -0.000436
      0.144080     -0.111129
      0.000000     -0.060217
      0.402031      0.000000
      0.000000     -0.014339
      0.000000      0.000000
      0.000000      0.000000
      0.014931      0.000000
      0.013377      0.000000
      0.000000      0.000000
      0.000000      0.000000
      0.000000      0.000000
      0.000000      0.000000
      0.000000      0.000000
      0.000854      0.000000
      0.000000      0.000000
      0.000005      0.000000
      0.000000      0.000000
      0.000000      0.000000
      0.000000      0.000000
      0.000000      0.000000
      0.000000      0.000000
      0.000000      0.000000
      0.000000     -0.002531
      0.000000     -0.059176
      0.000000     -0.078745
      0.000000     -0.030157
      0.000000     -0.014336
      0.000000     -0.010020
      0.000000      0.000000
      0.000000      0.000000
      0.000000      0.000000
      0.000000      0.000000
      0.000000      0.000000
      0.000000      0.000000
      0.000000      0.000000
      0.000000      0.000000
      0.000000      0.000000
      0.000000      0.000000
      0.000000      0.000000
      0.000000      0.000000
      0.000000      0.000000
      0.000000      0.000000
      0.000000      0.000000
      0.000000      0.000000
      0.000000      0.000000
      0.000000      0.000000
      0.000000     -0.003082
      0.000426     -0.039200
      0.000434     -0.087670
      0.000000     -0.031035
      0.000007     -0.028721
      0.000000     -0.009925
      0.000000      0.000000
      0.000000      0.000000
      0.000000      0.000000
      0.000000      0.000000
      0.000000      0.000000
      0.000000      0.000000
      0.000000      0.000000
      0.000000      0.000000
      0.000000      0.000000
      0.000859      0.000000
      0.000000      0.000000
      0.000000      0.000000
      0.000000      0.000000
      0.000000      0.000000
      0.000000      0.000000
      0.000000      0.000000
      0.000000      0.000000
      0.000000      0.000000
      0.000000     -0.002541
      0.000000     -0.043352
      0.000000     -0.106120
      0.000000     -0.050044
      0.000000     -0.035843
      0.000000     -0.010248
      0.000000      0.000000
      0.000000      0.000000
      0.000000      0.000000
      0.000000      0.000000
      0.000000      0.000000
      0.000000      0.000000
      0.000000      0.000000
      0.000000      0.000000
      0.000000      0.000000
      0.000000      0.000000
      0.000000      0.000000
      0.000000      0.000000
      0.000000      0.000000
      0.000000      0.000000
      0.000000      0.000000
      0.000000      0.000000
      0.000000      0.000000
      0.000000     -0.001576
      0.000000      0.000000
      0.000000     -0.035579
      0.000000     -0.113978
      0.000000     -0.056482
      0.000000     -0.044867
      0.000000     -0.015109
      0.000000      0.000000
      0.000000      0.000000
      0.000000      0.000000
      0.000000      0.000000
      0.000000      0.000000
      0.000000      0.000000
      0.000000      0.000000
      0.000435      0.000000
      0.000000      0.000000
      0.000000      0.000000
      0.000000      0.000000
      0.000000      0.000000
      0.000000      0.000000
      0.000000      0.000000
      0.000000      0.000000
      0.000000      0.000000
      0.000000      0.000000
      0.000000     -0.002232
      0.000000     -0.003714
      0.000000     -0.034937
      0.000000     -0.120018
      0.000000     -0.051388
      0.000000     -0.032872
      0.000000     -0.004896
      0.000000      0.000000
      0.000000      0.000000
      0.000000      0.000000
      0.000000      0.000000
      0.000000      0.000000
      0.000000      0.000000
      0.000000      0.000000
      0.000000      0.000000
      0.000000      0.000000
      0.000000      0.000000
      0.000000      0.000000
      0.000000      0.000000
      0.000000      0.000000
      0.000140      0.000000
      0.000000      0.000000
      0.000000      0.000000
      0.000000      0.000000
      0.000000      0.000000
      0.000000     -0.002814
      0.000000     -0.040901
      0.000000     -0.095539
      0.001687     -0.022555
      0.041744     -0.020941
      0.072981     -0.024461
      0.000000      0.000000
      0.000000      0.000000
      0.000000      0.000000
      0.000000      0.000000
      0.000002      0.000000
      0.000000      0.000000
      0.000864      0.000000
      0.000000      0.000000
      0.000000      0.000000
      0.000843     -0.001217
      0.000000     -0.000046
      0.000000     -0.001329
      0.000000      0.000000
      0.000000      0.000000
      0.000000      0.000000
      0.000000      0.000000
      0.000000      0.000000
      0.000000      0.000000
      0.000000     -0.004438
      0.000000     -0.057394
      0.000000     -0.098414
      0.000000     -0.049111
      0.000000     -0.026765
      0.000000     -0.004752
      0.000000      0.000000
      0.000000      0.000000
      0.000000      0.000000
      0.000000      0.000000
      0.000000      0.000000
      0.000000      0.000000
      0.000000      0.000000
      0.000000      0.000000
      0.000000      0.000000
      0.000000      0.000000
      0.000000      0.000000
      0.003559      0.000000
      0.094324      0.000000
      0.000000      0.000000
      0.070796      0.000000
      0.620376      0.000000
      0.126126      0.000000
      0.000000      0.000000
      0.000000     -0.016459
      0.000000     -0.026769
      0.000000     -0.022048
      0.000000     -0.017417
      0.000000     -0.097471
      0.014564      0.000000
      0.000000      0.000000
      0.000000      0.000000
      0.000000      0.000000
      0.000463      0.000000
      0.000000      0.000000
      0.000000      0.000000
      0.000000      0.000000
      0.000000      0.000000
      0.000000      0.000000
      0.000000      0.000000
      0.000000      0.000000
      0.000432      0.000000
      0.000000      0.000000
      0.000000      0.000000
      0.000000      0.000000
      0.000000      0.000000
      0.000000      0.000000
      0.000000     -0.000379
      0.000000     -0.005827
      0.000000     -0.081661
      0.000000     -0.054891
      0.000000     -0.038365
      0.000000     -0.026560
      0.000000     -0.011597
      0.000000      0.000000
      0.000000      0.000000
      0.000000      0.000000
      0.000000      0.000000
      0.000435      0.000000
      0.000000      0.000000
      0.000000      0.000000
      0.000000      0.000000
      0.000000      0.000000
      0.000863      0.000000
      0.000000      0.000000
      0.000000      0.000000
      0.000000      0.000000
      0.000000      0.000000
      0.000000      0.000000
      0.000000      0.000000
      0.000000      0.000000
      0.000000      0.000000
      0.000000     -0.004905
      0.000000     -0.103980
      0.000000     -0.064660
      0.000000     -0.003741
      0.000000      0.000000
      0.005156      0.000000
      0.051925      0.000000
      0.208952      0.000000
      0.288196     -0.005006
      0.165303      0.000000
      0.000000      0.000000
      0.000000      0.000000
      0.065191      0.000000
      0.000000      0.000000
      0.000000      0.000000
      0.000000      0.000000
      0.000000      0.000000
      0.021370      0.000000
      0.000000      0.000000
      0.000000      0.000000
      0.000000      0.000000
      0.000000     -0.000244
      0.000000     -0.000414
      0.000000     -0.010901
      0.000000     -0.046208
      0.002071     -0.103786
      0.001094     -0.031332
      0.000000      0.000000
      0.000000     -0.009108
      0.000000      0.000000
      0.000000      0.000000
      0.000006      0.000000
      0.000000      0.000000
      0.000000      0.000000
      0.000000      0.000000
      0.000000      0.000000
      0.001254      0.000000
      0.000000      0.000000
      0.000823      0.000000
      0.000969      0.000000
      0.000000      0.000000
      0.001460     -0.005583
      0.000000      0.000000
      0.000000      0.000000
      0.000000      0.000000
      0.000000      0.000000
      0.000000     -0.000518
      0.000000     -0.011833
      0.000575     -0.024655
      0.000554     -0.043219
      0.000000     -0.052458
      0.000000     -0.017530
      0.000711      0.000000
      0.007500      0.000000
      0.026406      0.000000
      0.021116     -0.004071
      0.000000      0.000000
      0.057776      0.000000
      0.000000      0.000000
      0.000000      0.000000
      0.009025     -0.000796
      0.000000      0.000000
      0.000000      0.000000
      0.000000      0.000000
      0.000000      0.000000
      0.000000     -0.001962
      0.000000      0.000000
      0.000000     -0.003247
      0.000000      0.000000
      0.000000     -0.000470
      0.000000      0.000000
      0.000000     -0.019338
      0.000000     -0.012626
      0.000000     -0.033641
      0.000000     -0.042960
      0.000593     -0.062710
      0.006697     -0.047092
      0.071450     -0.005403
      0.241157      0.000000
      1.173871      0.000000
      0.909241      0.000000
      0.000000      0.000000
      0.000000      0.000000
      0.000000      0.000000
      0.000000      0.000000
      0.000000      0.000000
      0.000000      0.000000
      0.000868      0.000000
      0.000000      0.000000
      0.000000      0.000000
      0.000000      0.000000
      0.000000      0.000000
      0.000000      0.000000
      0.000000      0.000000
      0.000000      0.000000
      0.000428     -0.003772
      0.044177     -0.030337
      0.001876     -0.060178
      0.058475     -0.047105
      0.000000     -0.079556
      0.022153      0.000000
      0.000000      0.000000
      0.000000      0.000000
      0.390662      0.000000
      1.778382      0.000000
      0.000000      0.000000
      0.000000      0.000000
      0.000000      0.000000
      0.000000      0.000000
      0.000000     -0.002736
      0.000000      0.000000
      0.000000      0.000000
      0.000446      0.000000
      0.000000      0.000000
      0.000000      0.000000
      0.000000      0.000000
      0.000821      0.000000
      0.003152      0.000000
      0.001112      0.000000
      0.007984     -0.013230
      0.045223     -0.066130
      0.000000     -0.067753
      0.026697      0.000000
      0.000000      0.000000
      0.010358     -0.005718
      0.000000      0.000000
      0.041050      0.000000
      0.000000      0.000000
      0.001036      0.000000
      0.000000      0.000000
      0.000000      0.000000
      0.000000      0.000000
      0.002054     -0.000935
      0.000000      0.000000
      0.000000      0.000000
      0.000000      0.000000
      0.000000      0.000000
      0.000000      0.000000
      0.000000      0.000000
      0.000140      0.000000
      0.000000      0.000000
      0.000424      0.000000
      0.000410      0.000000
      0.000000     -0.001827
      0.000000     -0.026612
      0.000000     -0.049472
      0.003041      0.000000
      0.014542     -0.008418
      0.000501      0.000000
      0.129507     -0.010349
      0.000000     -0.022653
      0.000000      0.000000
      0.008234      0.000000
      0.008073      0.000000
      0.000000      0.000000
      0.000000      0.000000
      0.000000      0.000000
      0.000402      0.000000
      0.000003      0.000000
      0.000000      0.000000
      0.000000      0.000000
